1709903166660
1709903166660
1709903166660
1709903166660
1709903166660
1709903166660
1709903166660
1709903166660
1709903166660
1709903166660
1709903166660
1709903166660
1709903166660
1709903166660
1712320448629
1712320448629
1712320448629
1712320448629
1712320448629
1712320448629
1719570943236
1719570943236
1719570943236
1719570943236
1719570943236
1719570943236
1719570943236
1719570943236
1719570943236
1719570943236
1719570943236
1719570943236
1720183223095
1720183223095
1720787487429
1720787487429
1720787487429
1720787487429
1720787487429
1720787487429
1720787487429
1720787487429
1720787487429
1720787487429
1720787487429
1721992516630
1721992516630
1721992516630
1721992516630
1721992516630
1721992516630
1721992516630
1721992516630
1721992516630
1721992516630
1721992516630
1722593229251
1722593229251
1722593229251
1722593229251
1722593229251
1722593229251
1722593229251
1722593229251
1722593229251
1722593229251
1722593229251
1722593229251
1722593229251
1723195968182
1723195968182
1723195968182
1723195968182
1723195968182
1723195968182
1723195968182
1738062007188
1738062007188
1738062007188
1738062007188
1738062007188
1738062007188
1738062007188
1738062007188
1738062007188
1738062007188
1738062007188
1738062007188
1739269066947
1739269066947
1739269066947
1739269066947
1739269066947
1739269066947
1739269066947
1739269066947
1739269066947
1739269066947
1739269066947
1740479235324
1740479235324
1740479235324
1740479235324
1740479235324
1740479235324
1740479235324
1740479235324
1740479235324
1740479235324
1740479235324
1740479235324
1740479235324
1740479235324
1741684367746
1741684367746
1741684367746
1741684367746
1741684367746
1741684367746
1741684367746
1741684367746
1741684367746
1741684367746
1741684367746
1741684367746
1741684367746
1741684367746
1741684367746
1741684367746
1741684367746
1741684367746
1742290402687
1742290402687
1742290402687
1742290402687
1742290402687
1742290402687
1742290402687
1742290402687
1742290402687
1742290402687
1742897773303
1742897773303
1742897773303
1742897773303
1742897773303
1742897773303
1742897773303
1742897773303
1742897773303
1742897773303
1742897773303
1742897773303
1742897773303