1709977292376
1709977292376
1709977292376
1709977292376
1709977292376
1709977292376
1709977292376
1709977292376
1709977292376
1709977292376
1709977292376
1709977292376
1709977292376
1709977292376
1709977292376
1709977292376
1709977292376
1709977292376
1709977292376
1709978970804
1709978970804
1709978970804
1709978970804
1709978970804
1709978970804
1709978970804
1709978970804
1709978970804
1709979283936
1709979283936
1709981385774
1709981385774
1709981385774
1709981385774
1709981385774
1709981385774
1709981385774
1709981385774
1709981385774
1709981385774
1709981385774
1709981385774
1709981385774
1710233692738
1710233692738
1710233692738
1710233692738
1710233692738
1710233692738
1710233692738
1710233692738
1710233692738
1710233692738
1710233692738
1710233692738
1710233692738
1710233692738
1710235941196
1710235941196
1710235941196
1710235941196
1710235941196
1710235941196
1710235941196
1710236403527
1710236403527
1710236403527
1710236403527
1710236403527
1710236403527
1710236403527
1710236403527
1710236403527
1710236403527
1710236809609
1710236809609
1710236809609
1710236809609
1710236809609
1710236809609
1710236809609
1710236809609
1710236809609
1710236809609
1710236809609
1710236809609
1710236809609
1710238719831
1710238719831
1710239015566
1710239015566
1710239015566
1710239015566
1710239015566
1710239015566
1710239015566
1710248578152
1710248578152
1710248578152
1710248578152
1710248578152
1710248578152
1710248578152
1710248578152
1710248578152
1710248578152
1710248578152
1710248578152
1710248578152
1710248578152
1710248578152
1710317660513
1710317660513
1710317660513
1710317660513
1710317660513
1710317660513
1710317660513
1710317660513
1710317660513
1710317660513
1710328012311
1710328012311
1710328012311
1710328012311
1710328012311
1710328012311
1710328012311
1710328012311
1710328012311
1710328012311
1710328012311
1710328012311
1710328012311
1710328012311
1710333375063
1710333375063
1710333375063
1710333375063
1710333375063
1710333375063
1710333375063
1710333375063
1710333375063
1710333375063
1710333375063
1710333375063
1710333375063
1710536290300
1710536290300
1710536290300
1710536290300
1710536290300
1710536290300
1710536290300
1710536290300
1710536290300
1710536290300
1710536290300
1710536863646
1710536863646
1710536863646
1710536863646
1710536863646
1710536863646
1710536863646
1710537165343
1710537165343
1710537165343
1710537165343
1710537165343
1710537165343
1710537165343
1710537165343
1710537165343
1710537165343
1710537165343
1710537165343
1710537165343
1710539671830
1710539671830
1710539671830
1710539671830
1710539671830
1710539671830
1710539671830
1710539671830
1710539671830
1710539671830
1710539671830
1710539671830
1710539671830
1710540762552
1710540762552
1710540762552
1710540762552
1710540762552
1710540762552
1710540762552
1710540762552
1710540762552
1710540762552
1710540762552
1710540762552
1710540762552
1710540762552
1710540762552
1710540762552
1710540762552
1710542640003
1710542640003
1710542640003
1710542640003
1710542640003
1710542640003
1710542640003
1710542640003
1710542640003
1710542640003
1710542640003
1710542640003
1710542640003
1710542640003
1710542640003
1710542640003
1710543350215
1710543350215
1710543350215
1710543350215
1710543350215
1710543350215
1710543350215
1710543350215
1710543350215
1710543350215
1710543350215
1710543350215
1710543350215
1710543350215
1711443029587
1711443029587
1711443029587
1711443029587
1711443029587
1711443029587
1711443029587
1711443029587
1711443029587
1711443029587
1711443029587
1711443029587
1711443029587
1711443029587
1711443029587
1711445032313
1711445032313
1711445032313
1711445032313
1711445032313
1711445032313
1711445032313
1711445032313
1711445032313
1711445032313
1711446291400
1711446291400
1711446291400
1711446291400
1711446291400
1711446291400
1711446291400
1711446291400
1711446291400
1711446291400
1711446291400
1711446291400
1711446291400
1711446291400
1711446291400
1711446291400
1711446291400
1711446291400
1711446291400
1711447357734
1711447357734
1711449024493
1711449024493
1711449024493
1711449024493
1711449024493
1711449024493
1711449024493
1711449024493
1711449024493
1711449024493
1711449024493
1711449024493
1711449024493
1711449024493
1711453809369
1711453809369
1711453809369
1711453809369
1711453809369
1711453809369
1711453809369
1711453809369
1711453809369
1711453809369
1711453809369
1711453809369
1711455643125
1711532714911
1711532714911
1711532714911
1711532714911
1711532714911
1711532714911
1711532714911
1711533984171
1711533984171
1711533984171
1711533984171
1711533984171
1711533984171
1711533984171
1711533984171
1711533984171
1711533984171
1711533984171
1711533984171
1711705138691
1711705138691
1711705138691
1711707729528
1711707729528
1711707729528
1711707729528
1711707729528
1711707729528
1711707729528
1711707729528
1711712430838
1711712430838
1711712430838
1711712430838
1711712430838
1711712430838
1711712430838
1711712430838
1711712430838
1711712430838
1711712430838
1711712430838
1711712430838
1711712430838
1711717159830
1711717159830
1711717159830
1711717159830
1711717159830
1711717159830
1711717159830
1711717159830
1711717159830
1711717159830
1711717861990
1712048879972
1712048879972
1712048879972
1712048879972
1712048879972
1712048879972
1712048879972
1712048879972
1712048879972
1712048879972
1712050953158
1712050953158
1712050953158
1712050953158
1712050953158
1712050953158
1712050953158
1712050953158
1712050953158
1712050953158
1712050953158
1712050953158
1712050953158
1712050953158
1712050953158
1712050953158
1712050953158
1712050953158
1712050953158
1712050953158
1712054827564
1712054827564
1712054827564
1712054827564
1712054827564
1712054827564
1712054827564
1712054827564
1712054827564
1712054827564
1712054827564
1712054827564
1712054827564
1712054827564
1712056089790
1712056089790
1712056089790
1712056089790
1712056089790
1712056089790
1712056089790
1712056089790
1712056089790
1712056089790
1712308704808
1712308704808
1712308704808
1712308704808
1712308704808
1712308704808
1712310467314
1712310467314
1712310467314
1712310467314
1712310467314
1712310467314
1712310467314
1712310467314
1712310467314
1712310467314
1712323166998
1712323166998
1712323166998
1712323166998
1712323166998
1712323166998
1712323166998
1712323166998
1712323166998
1712323166998
1712323166998
1712323166998
1712323166998
1712323166998
1712323166998
1712323166998
1712324574242
1712324574242
1712396068992
1712396068992
1712396068992
1712396068992
1712396068992
1712396068992
1712396068992
1712396068992
1712396068992
1712396068992
1712396068992
1712396068992
1712396068992
1712667253005
1712667253005
1712667253005
1712667253005
1712667253005
1712667253005
1712667253005
1712667253005
1712667253005
1712667253005
1712667253005
1712667253005
1712667253005
1712667253005
1712667253005
1712667253005
1712667253005
1712667253005
1712668064404
1712668064404
1712668064404
1712668064404
1712668064404
1712668064404
1712668064404
1712668064404
1712668064404
1712668064404
1712668064404
1712668064404
1712668064404
1712668064404
1712668064404
1712668064404
1712668064404
1712669374251
1712669374251
1712669374251
1712669374251
1712669374251
1712669374251
1712669374251
1712669374251
1712669374251
1712669374251
1712669374251
1712669374251
1712669374251
1712669374251
1712669374251
1712669374251
1712669374251
1712669374251
1713245078262
1713245078262
1713245078262
1713245078262
1713245078262
1713245078262
1713245078262
1713245078262
1713245078262
1713245078262
1713245078262
1713245078262
1713245078262
1713245078262
1713245078262
1713245078262
1713255717818
1713255717818
1713255717818
1713255717818
1713255717818
1713255717818
1713255717818
1713255717818
1713257967586
1713257967586
1713257967586
1713257967586
1713257967586
1713257967586
1713257967586
1713257967586
1713257967586
1713257967586
1713260550167
1713260550167
1713261884470
1713261884470
1713261884470
1713261884470
1713261884470
1713261884470
1713261884470
1713261884470
1713261884470
1713261884470
1713261884470
1713261884470
1713261884470
1713261884470
1713261884470
1713261884470
1713266133715
1713266133715
1713266133715
1713266133715
1713266133715
1713266133715
1713266133715
1713266133715
1713266133715
1713266133715
1713266848657
1713266848657
1713266848657
1713266848657
1713266848657
1713266848657
1713266848657
1713266848657
1713266848657
1713266848657
1713266848657
1713266848657
1713266848657
1713345169398
1713345169398
1713345169398
1713345169398
1713345169398
1713345169398
1713345169398
1713345169398
1713345169398
1713345169398
1713345169398
1713345169398
1713345169398
1713345169398
1713345169398
1713345169398
1713345169398
1713361713070
1713361713070
1713361713070
1713361713070
1713361713070
1713361713070
1713361713070
1713361713070
1713361713070
1713361713070
1713361713070
1713364062261
1713364062261
1713364062261
1713364062261
1713364062261
1713364062261
1713364062261
1713364062261
1713364062261
1713369558874
1713369558874
1713369558874
1713369558874
1713369558874
1713369558874
1713369558874
1713369558874
1713369558874
1713369558874
1713369558874
1713369558874
1713527343510
1713527343510
1713527343510
1713527343510
1713527343510
1713527343510
1713527343510
1713532012960
1713532012960
1713532012960
1713532012960
1713532012960
1713532012960
1713532012960
1713532012960
1713532860866
1713532860866
1713532860866
1713532860866
1713532860866
1713532860866
1713532860866
1713532860866
1713532860866
1713532860866
1713532860866
1713532860866
1713532860866
1713532860866
1713532860866
1713532860866
1713532860866
1713863382522
1713863382522
1713863382522
1713863382522
1713863382522
1713863382522
1713863382522
1713863382522
1713863382522
1713863382522
1713863382522
1713863382522
1713863382522
1713863382522
1713863382522
1713863382522
1713863382522
1713863382522
1713863382522
1713863382522
1713863382522
1713863382522
1713864727976
1713864727976
1713864727976
1713864727976
1713864727976
1713864727976
1713864727976
1713864727976
1713864727976
1713864727976
1713864727976
1713864727976
1713864727976
1713864727976
1713864727976
1713864727976
1713864727976
1713864727976
1713864727976
1713864727976
1713864727976
1713866567430
1713866567430
1713866567430
1713866567430
1713866567430
1713866567430
1713866567430
1713866567430
1713866567430
1713866567430
1713866567430
1713866567430
1713866567430
1713867163268
1713867163268
1713867163268
1713867163268
1713867163268
1713867163268
1713867163268
1713867163268
1713867163268
1713867163268
1713867163268
1714121703311
1714121703311
1714121703311
1714121703311
1714121703311
1714121703311
1714121703311
1714121703311
1714121703311
1714121703311
1714121703311
1714121703311
1714121703311
1714121703311
1714121703311
1714121703311
1714121703311
1714121703311
1714121703311
1714124242183
1714124242183
1714124242183
1714124242183
1714124242183
1714124242183
1714124242183
1714124242183
1714124242183
1714124242183
1714124242183
1714124242183
1714124242183
1714124242183
1714124242183
1714124242183
1714124242183
1714124242183
1714146557171
1714146557171
1714146557171
1714146557171
1714146557171
1714146557171
1714146557171
1714146557171
1714146557171
1714148293073
1714148293073
1714148293073
1714148293073
1714148293073
1714148293073
1714148293073
1714148293073
1714148293073
1714148293073
1714148293073
1714148293073
1714211428430
1714211428430
1714211428430
1714211428430
1714211428430
1714211428430
1714211428430
1714211428430
1714211428430
1714211428430
1714211428430
1714211428430
1714211428430
1714211428430
1714211428430
1714211428430
1714211428430
1714211428430
1714211428430
1714463638937
1714463638937
1714463638937
1714463638937
1714463638937
1714463638937
1714463638937
1714463638937
1714463638937
1714463638937
1714463638937
1714463638937
1714463638937
1714463638937
1714463638937
1714464527685
1714464527685
1714464527685
1714464527685
1714464527685
1714464527685
1714464527685
1714464527685
1714464527685
1714464527685
1714466328752
1714466328752
1714466328752
1714466328752
1714466328752
1714466328752
1714505718614
1714505718614
1714505718614
1714823332357
1714823332357
1714823332357
1714823332357
1714823332357
1714823332357
1714823332357
1714823332357
1714823332357
1715070712556
1715070712556
1715070712556
1715070712556
1715070712556
1715070712556
1715070712556
1715070712556
1715070712556
1715070712556
1715070712556
1715070712556
1715070712556
1715070712556
1715070712556
1715071070135
1715071070135
1715071070135
1715071070135
1715071070135
1715071070135
1715071070135
1715071070135
1715071511625
1715071511625
1715071511625
1715071511625
1715071511625
1715071511625
1715071511625
1715071511625
1715071511625
1715071511625
1715071511625
1715071865143
1715071865143
1715071865143
1715071865143
1715071865143
1715071865143
1715071865143
1715071865143
1715686350959
1715686350959
1715686350959
1715686350959
1715686350959
1715686350959
1715686350959
1715686350959
1715686493550
1715686493550
1715686493550
1715686493550
1715687551961
1715687551961
1715687551961
1715687551961
1715687551961
1715687551961
1715687551961
1715687551961
1715710613415
1715710613415
1715710613415
1715710613415
1715710613415
1715710613415
1715710613415
1715710613415
1715710613415
1715767757124
1715767757124
1715767757124
1715767757124
1715767757124
1715767757124
1715767757124
1715767757124
1715779492303
1715779492303
1715779492303
1715779492303
1715779492303
1715779492303
1715779492303
1715949346234
1715949346234
1715949346234
1715949346234
1715949346234
1715949346234
1715949346234
1715949346234
1715949346234
1715949346234
1715949346234
1715949346234
1715949346234
1716026942554
1716026942554
1716026942554
1716026942554
1716026942554
1716026942554
1716026942554
1716026942554
1716279469909
1716279469909
1716279469909
1716279469909
1716279469909
1716279469909
1716280659610
1716280659610
1716280659610
1716280659610
1716280659610
1716280659610
1716280659610
1716280659610
1716280659610
1716280659610
1716280659610
1716280659610
1716280659610
1716280659610
1716280659610
1716280659610
1716283905511
1716283905511
1716283905511
1716283905511
1716283905511
1716283905511
1716283905511
1716283905511
1716283905511
1716283905511
1716283905511
1716284081657
1716284081657
1716284081657
1716284081657
1716284081657
1716284081657
1716284081657
1716284081657
1716284081657
1716284081657
1716284081657
1716284081657
1716284081657
1716284081657
1716287634198
1716287634198
1716287634198
1716287634198
1716287634198
1716287634198
1716287634198
1716287634198
1716287634198
1716287634198
1716287634198
1716287634198
1716287634198
1716287634198
1716287634198
1716287941915
1716287941915
1716287941915
1716287941915
1716287941915
1716293087746
1716293087746
1716293087746
1716293087746
1716293087746
1716293087746
1716293087746
1716293087746
1716293087746
1716293087746
1716293087746
1716293087746
1716293087746
1716293087746
1716293087746
1716297284158
1716297284158
1716297284158
1716297284158
1716297284158
1716297284158
1716297284158
1716297284158
1716297284158
1716297284158
1716301336649
1716301336649
1716301336649
1716301336649
1716301336649
1716301336649
1716301336649
1716301336649
1716301336649
1716301336649
1716301336649
1716301336649
1716301336649
1716301336649
1716301336649
1716301336649
1716301336649
1716309522317
1716309522317
1716309522317
1716309522317
1716309522317
1716309522317
1716309522317
1716309522317
1716309522317
1716309522317
1716309522317
1716309522317
1716365012823
1716365012823
1716365012823
1716365012823
1716365012823
1716365012823
1716365012823
1716365012823
1716365012823
1716365012823
1716365012823
1716365012823
1716369855495
1716369855495
1716369855495
1716369855495
1716369855495
1716369855495
1716369855495
1716369855495
1716369855495
1716369855495
1716369855495
1716369855495
1716369855495
1716369855495
1716369855495
1716373085164
1716373085164
1716541833029
1716541833029
1716541833029
1716541833029
1716541833029
1716541833029
1716541833029
1716541833029
1716541833029
1716541833029
1716554702927
1716554702927
1716554702927
1716554702927
1716554702927
1716554702927
1716554702927
1716554702927
1716554702927
1716554702927
1716554702927
1716554702927
1716554702927
1716554702927
1716554702927
1716554702927
1716554702927
1716554702927
1716562124451
1716562124451
1716562124451
1716562124451
1716562124451
1716562124451
1716562124451
1716562124451
1716562124451
1716562124451
1716562124451
1716562124451
1716562124451
1716562124451
1716562124451
1716562124451
1716562124451
1716562471044
1716562471044
1716562471044
1716562471044
1716562471044
1716562471044
1716562471044
1716562471044
1716562471044
1716562471044
1716562471044
1716562471044
1716562471044
1716562471044
1716628680394
1716628680394
1716628680394
1716628680394
1716628680394
1716628680394
1716628680394
1716628680394
1716628680394
1716628680394
1716628680394
1716628680394
1716628680394
1716628680394
1716628680394
1716628680394
1716640482544
1716640482544
1716640482544
1716640482544
1716640482544
1716640482544
1716640482544
1716640482544
1716883228178
1716883228178
1716883228178
1716883228178
1716883228178
1716883228178
1716883228178
1716883228178
1716883228178
1716883228178
1716883228178
1716883228178
1716883228178
1716883228178
1716883228178
1716883228178
1716883228178
1716883228178
1716888250371
1716888250371
1716888250371
1716888250371
1716888250371
1716888250371
1716888250371
1716888250371
1716888250371
1716888250371
1716888250371
1716888250371
1716888250371
1716888250371
1716888250371
1716889091735
1716889091735
1716889091735
1716889091735
1716889091735
1716889091735
1716889091735
1716889091735
1716889091735
1716889091735
1716889091735
1716889091735
1716890750332
1716890750332
1716890750332
1716890750332
1716890750332
1716890750332
1716890750332
1716890750332
1716890750332
1716890750332
1716890750332
1716890750332
1716890750332
1716891823997
1716891823997
1716891823997
1716891823997
1716891823997
1716891823997
1716891823997
1716894072622
1716894072622
1716894072622
1716894072622
1716894072622
1716894072622
1716894072622
1716894072622
1716894072622
1716894072622
1716894072622
1716894072622
1716894072622
1716896718539
1716896718539
1716896718539
1716896718539
1716896718539
1716896718539
1716896718539
1716896718539
1716896718539
1716896718539
1716896718539
1716896718539
1716896718539
1716898910993
1716898910993
1716898910993
1716898910993
1716899380032
1716899380032
1716899380032
1716899380032
1716899380032
1716899380032
1716899620562
1716899620562
1716899620562
1716973110697
1716973110697
1716973110697
1716973110697
1716973110697
1716973110697
1716973110697
1716973110697
1716973110697
1716973110697
1716973110697
1716973110697
1716973110697
1716973110697
1716990759811
1716990759811
1716990759811
1716990759811
1717151773864
1717151773864
1717151773864
1717151773864
1717151773864
1717151773864
1717151773864
1717151773864
1717151773864
1717151773864
1717151773864
1717151773864
1717151773864
1717155796059
1717155796059
1717155796059
1717155796059
1717155796059
1717155796059
1717155796059
1717155796059
1717155796059
1717155796059
1717155796059
1717155796059
1717155796059
1717155796059
1717155796059
1717155796059
1717155796059
1717192045866
1717192045866
1717192045866
1717192045866
1717192045866
1717192045866
1717192045866
1717192045866
1717192791951
1717192791951
1717192791951
1717192791951
1717192791951
1717192791951
1717192791951
1717192791951
1717192791951
1717192791951
1717192791951
1717192791951
1717192791951
1717192791951
1717192791951
1717192791951
1717192791951
1717192791951
1717192791951
1717192791951
1717192791951
1717192791951
1717192791951
1717491108719
1717491108719
1717491108719
1717491108719
1717491108719
1717491108719
1717491108719
1717491108719
1717491108719
1717491108719
1717491108719
1717491108719
1717491108719
1717491108719
1717491108719
1717491108719
1717491108719
1717493560246
1717493560246
1717493560246
1717493560246
1717493560246
1717493560246
1717493560246
1717493560246
1717493560246
1717493560246
1717495463544
1717495463544
1717495463544
1717495463544
1717495463544
1717495463544
1717495463544
1717495463544
1717495463544
1717495463544
1717495463544
1717513837276
1717513837276
1717517459270
1717517459270
1717517459270
1717517459270
1717517459270
1717517459270
1717517459270
1717517459270
1717517459270
1717517459270
1717517459270
1717517459270
1717753492006
1717753492006
1717753492006
1717753492006
1717753492006
1717753492006
1717753492006
1717753492006
1717753492006
1717753492006
1717753492006
1717753492006
1717753492006
1717755960944
1717755960944
1717755960944
1717755960944
1717755960944
1717755960944
1717755960944
1717755960944
1717755960944
1717755960944
1717755960944
1717760903777
1717760903777
1717760903777
1717760903777
1717760903777
1717760903777
1717760903777
1717760903777
1717760903777
1717760903777
1717760903777
1717760903777
1717760903777
1717760903777
1717760903777
1717760903777
1717760903777
1717760903777
1717760903777
1717760903777
1717760903777
1717760903777
1717760903777
1717762783068
1717762783068
1717762783068
1717762783068
1717762783068
1717762783068
1717762783068
1717762783068
1717762783068
1718095736668
1718095736668
1718095736668
1718095736668
1718095736668
1718095736668
1718095736668
1718095736668
1718095736668
1718095736668
1718095736668
1718096488772
1718096488772
1718096488772
1718096488772
1718096488772
1718096488772
1718096488772
1718096488772
1718096488772
1718100982141
1718100982141
1718100982141
1718100982141
1718100982141
1718100982141
1718100982141
1718100982141
1718100982141
1718100982141
1718101163686
1718101163686
1718101163686
1718101163686
1718101163686
1718101163686
1718101163686
1718101163686
1718101163686
1718101163686
1718105350833
1718105350833
1718105350833
1718105350833
1718105350833
1718105350833
1718105350833
1718105350833
1718105350833
1718105350833
1718105350833
1718105350833
1718105350833
1718187311175
1718187311175
1718187311175
1718187311175
1718187311175
1718187311175
1718187311175
1718187311175
1718187311175
1718190845682
1718190845682
1718190845682
1718190845682
1718190845682
1718190845682
1718190845682
1718190845682
1718190845682
1718190845682
1718190845682
1718190845682
1718192388137
1718192388137
1718192388137
1718192388137
1718192388137
1718192388137
1718192388137
1718192388137
1718192388137
1718194895424
1718194895424
1718194895424
1718194895424
1718194895424
1718194895424
1718194895424
1718194895424
1718194895424
1718194895424
1718368414620
1718368414620
1718368414620
1718368414620
1718368414620
1718368414620
1718368414620
1718368414620
1718368414620
1718368414620
1718368414620
1718368414620
1718368414620
1718368414620
1718368414620
1718368414620
1718368414620
1718368414620
1718437783890
1718437783890
1718437783890
1718437783890
1718437783890
1718437783890
1718437783890
1718437783890
1718437783890
1718437783890
1718437783890
1718437783890
1718437783890
1718437783890
1718437783890
1718437783890
1718979965173
1718979965173
1718979965173
1718979965173
1718979965173
1718979965173
1718979965173
1718979965173
1718979965173
1718979965173
1718979965173
1718979965173
1718979965173
1718979965173
1718979965173
1718979965173
1718979965173
1718979965173
1718979965173
1719054271942
1719054271942
1719054271942
1719054271942
1719061386019
1719061386019
1719061386019
1719061386019
1719061386019
1719061386019
1719061386019
1719061386019
1719061386019
1719061386019
1719061386019
1719061386019
1719061386019
1719061386019
1719061386019
1719061386019
1719061386019
1719061386019
1719061386019
1719307788143
1719307788143
1719307788143
1719307788143
1719307788143
1719307788143
1719307788143
1719307788143
1719307788143
1719307788143
1719307788143
1719307788143
1719307788143
1719400418137
1719400418137
1719400418137
1719400418137
1719400418137
1719400418137
1719400418137
1719400418137
1719563368354
1719563368354
1719563368354
1719563368354
1719563368354
1719563368354
1719563368354
1719563368354
1719563368354
1719563368354
1719563368354
1719563368354
1719563771012
1719563771012
1719563771012
1719563771012
1719563771012
1719563771012
1719563771012
1719563771012
1719563771012
1719563771012
1719563771012
1719563771012
1719563771012
1719563771012
1719568165162
1719568165162
1719568165162
1719568165162
1719568165162
1719568165162
1719568165162
1719568165162
1719568165162
1719568165162
1719568165162
1719568165162
1719568165162
1719568165162
1719568165162
1719568165162
1719568165162
1719568165162
1719568165162
1719569624097
1719569624097
1719569624097
1719569624097
1719569624097
1719569624097
1719569624097
1719569624097
1719569624097
1719569624097
1719569624097
1719569624097
1719569624097
1719569624097
1719569624097
1719569624097
1719569624097
1719578689211
1719578689211
1719578689211
1719578689211
1719578689211
1719578689211
1719578689211
1719578689211
1719578689211
1719578689211
1719578689211
1719910726106
1719910726106
1719910726106
1719910726106
1719910726106
1719910726106
1719910726106
1719910726106
1719910726106
1719910726106
1719910726106
1719910726106
1719910726106
1719910726106
1719910726106
1719910726106
1719997311900
1719997311900
1719997311900
1719997311900
1719997311900
1719997311900
1719997311900
1719997311900
1719997311900
1719997311900
1719997311900
1719997311900
1719997311900
1719997311900
1719997311900
1719997311900
1719998582255
1719998582255
1719998582255
1719998582255
1719998582255
1719998582255
1719998582255
1719998582255
1719998582255
1719998582255
1720000682417
1720000682417
1720000682417
1720000682417
1720000682417
1720000682417
1720000682417
1720000682417
1720000682417
1720012218698
1720012218698
1720017015794
1720017015794
1720017015794
1720017015794
1720017015794
1720017015794
1720017015794
1720017015794
1720017015794
1720017015794
1720017015794
1720017015794
1720172490595
1720172490595
1720172490595
1720172490595
1720172490595
1720172490595
1720172490595
1720172490595
1720172490595
1720172490595
1720172490595
1720172490595
1720172490595
1720172490595
1720172490595
1720172490595
1720172490595
1720173185935
1720173185935
1720173185935
1720173185935
1720173185935
1720173185935
1720173185935
1720173185935
1720173185935
1720173185935
1720173185935
1720173185935
1720173185935
1720173185935
1720173185935
1720173185935
1720173185935
1720173185935
1720178912800
1720178912800
1720178912800
1720178912800
1720178912800
1720178912800
1720178912800
1720178912800
1720178912800
1720178912800
1720178912800
1720178912800
1720178912800
1720178912800
1720182773801
1720182773801
1720182773801
1720182773801
1720182773801
1720182773801
1720515570513
1720515570513
1720515570513
1720515570513
1720515570513
1720515570513
1720515570513
1720527213489
1720527213489
1720527213489
1720527213489
1720527213489
1720527213489
1720527213489
1720527213489
1720527213489
1720527213489
1720527213489
1720527213489
1720527213489
1720527213489
1720599900276
1720599900276
1720599900276
1720599900276
1720599900276
1720599900276
1720599900276
1720599900276
1720599900276
1720599900276
1720599900276
1720599900276
1720599900276
1720599900276
1720599900276
1720599900276
1720599900276
1720599900276
1720787929014
1720787929014
1720787929014
1720787929014
1720787929014
1720787929014
1720787929014
1720787929014
1720787929014
1720787929014
1720787929014
1720787929014
1720787929014
1720787929014
1720787929014
1720790327138
1720790327138
1720790327138
1720790327138
1720790327138
1720790327138
1720790327138
1720790327138
1720790327138
1720790595252
1720790595252
1720790595252
1720790595252
1720790595252
1720790595252
1720790595252
1720790595252
1720790595252
1720790595252
1720790595252
1720790595252
1720790595252
1720794611572
1720794611572
1720794611572
1720794611572
1720794611572
1720794611572
1720794611572
1720794611572
1720794611572
1720794611572
1720794611572
1720794611572
1720794611572
1720794611572
1720866013658
1720866013658
1720866013658
1720866013658
1720866013658
1720866013658
1720866013658
1721378033912
1721378033912
1721378033912
1721378033912
1721378033912
1721378033912
1721378033912
1721378033912
1721378033912
1721378033912
1721378033912
1721378033912
1721378985294
1721378985294
1721378985294
1721378985294
1721378985294
1721378985294
1721378985294
1721378985294
1721378985294
1721378985294
1721378985294
1721378985294
1721378985294
1721378985294
1721378985294
1721378985294
1721378985294
1721378985294
1721383050618
1721383050618
1721383050618
1721383050618
1721383050618
1721383050618
1721383050618
1721383050618
1721383050618
1721383050618
1721383050618
1721383050618
1721383050618
1721383050618
1721383050618
1721383050618
1721383050618
1721383050618
1721383511700
1721383511700
1721383511700
1721383511700
1721383511700
1721383511700
1721383511700
1721383511700
1721383511700
1721383511700
1721383511700
1721383511700
1721383511700
1721383511700
1721383511700
1721470068668
1721722582765
1721722582765
1721722582765
1721722582765
1721722582765
1721722582765
1721722582765
1721722582765
1721722582765
1721722582765
1721722582765
1721722582765
1721723790645
1721723790645
1721723790645
1721723790645
1721723790645
1721723790645
1721723790645
1721723790645
1721723790645
1721723790645
1721723790645
1721723790645
1721723790645
1721723790645
1721723790645
1721723790645
1721723790645
1721732316467
1721732316467
1721732316467
1721732316467
1721732316467
1721732316467
1721732316467
1721732316467
1721732316467
1721732316467
1721732316467
1721732316467
1721732316467
1721735407083
1721735407083
1721735407083
1721735407083
1721735407083
1721735407083
1721735407083
1721735407083
1721735407083
1721735407083
1721735407083
1721735407083
1721735407083
1721735407083
1721735407083
1721736647694
1721736647694
1721736647694
1721736647694
1721736647694
1721736647694
1721736647694
1721736647694
1721736647694
1721736647694
1721736647694
1721736647694
1721736647694
1721828467034
1721828467034
1721828467034
1721828467034
1721828467034
1721984488168
1721984488168
1721984488168
1721984488168
1721984488168
1721984488168
1721984488168
1721984488168
1721984488168
1721984488168
1721984488168
1721984488168
1721984488168
1721984488168
1721984488168
1721984488168
1721989828053
1721989828053
1721989828053
1721989828053
1721989828053
1721989828053
1721989828053
1721989828053
1721989828053
1721989828053
1721989828053
1721989828053
1721989828053
1721989828053
1722091694272
1722091694272
1722091694272
1722091694272
1722091694272
1722091694272
1722091694272
1722091694272
1722091694272
1722091694272
1722091694272
1722091694272
1722091694272
1722091694272
1722091694272
1722091694272
1722091694272
1722091694272
1722327202569
1722327202569
1722327202569
1722327202569
1722327202569
1722327202569
1722327202569
1722328636155
1722328636155
1722328636155
1722328636155
1722328636155
1722328636155
1722328636155
1722328636155
1722328636155
1722328636155
1722328636155
1722328636155
1722328636155
1722328636155
1722328636155
1722328636155
1722331018745
1722331018745
1722331018745
1722331018745
1722331018745
1722331018745
1722331018745
1722331018745
1722331018745
1722331018745
1722331018745
1722331018745
1722331018745
1722331018745
1722331018745
1722332523171
1722332523171
1722332523171
1722332523171
1722332523171
1722332523171
1722332523171
1722332523171
1722332523171
1722332523171
1722332523171
1722332523171
1722332523171
1722332523171
1722332523171
1722332523171
1722332523171
1722348402901
1722348402901
1722348402901
1722348402901
1722348402901
1722348402901
1722590369898
1722590369898
1722590369898
1722590369898
1722590369898
1722590369898
1722590369898
1722590369898
1722590369898
1722590369898
1722590369898
1722590369898
1722590369898
1722590369898
1722590369898
1722590739461
1722590739461
1722590739461
1722590739461
1722590739461
1722590739461
1722590739461
1722590739461
1722590739461
1722590739461
1722590739461
1722590739461
1722590739461
1722590739461
1722590739461
1722932122660
1722932122660
1722932122660
1722932122660
1722932122660
1722932122660
1722932122660
1722932122660
1722932122660
1722932285424
1722932285424
1722932285424
1722932285424
1722932285424
1722932285424
1722932285424
1723038081153
1723038081153
1723215002976
1723215002976
1723215002976
1723215002976
1723215002976
1723215002976
1723215002976
1723215002976
1723215002976
1723215002976
1723215002976
1723215002976
1723215002976
1723215002976
1723215002976
1723215002976
1723806067656
1723806067656
1723806067656
1723806067656
1723806067656
1723806067656
1723806067656
1723806067656
1723806067656
1723806067656
1723806785383
1723806785383
1723806785383
1723806785383
1723806785383
1723806785383
1723806785383
1723806785383
1723806785383
1723806785383
1723806785383
1723806785383
1723806785383
1723806785383
1723806785383
1723806785383
1723806785383
1724186559259
1724186559259
1724186559259
1724186559259
1724186559259
1724186559259
1724186559259
1724186559259
1724186559259
1724186559259
1724186559259
1724186559259
1724186559259
1724186559259
1724186748546
1724186748546
1724186748546
1724186748546
1724186748546
1724186748546
1724186748546
1724186748546
1724186748546
1724186748546
1724186748546
1724186748546
1724792527600
1724792527600
1724792527600
1724792527600
1724792527600
1724792527600
1724792527600
1724792793009
1724792793009
1724792793009
1724792793009
1724792793009
1724792793009
1724792793009
1724792793009
1724792793009
1724792793009
1724792793009
1724792793009
1724793535802
1724793535802
1724793535802
1724793535802
1724793535802
1724793535802
1724793535802
1724793535802
1724793535802
1724793535802
1724793535802
1724793535802
1724793535802
1724793815163
1724793815163
1724793815163
1724793815163
1724793815163
1724793815163
1724793815163
1724793815163
1724794184745
1724794184745
1724794184745
1724794184745
1724794184745
1724794184745
1724794184745
1724794184745
1724794184745
1724794184745
1724794184745
1724794184745
1724794184745
1724794184745
1724794184745
1724795864678
1724795864678
1724795864678
1724795864678
1724795864678
1724795864678
1724795864678
1724795864678
1724795864678
1724795864678
1724795864678
1724795864678
1724795864678
1724795864678
1724795864678
1724835261462
1724835261462
1724835261462
1724835261462
1724835261462
1724835261462
1724835261462
1724835261462
1724835261462
1724835261462
1724835261462
1724835261462
1724835261462
1725354266487
1725354266487
1725354266487
1725354266487
1725354266487
1725354266487
1725354266487
1725354266487
1725354266487
1725354266487
1725354266487
1725354266487
1725354266487
1725354266487
1725354266487
1725354266487
1725439079714
1725439079714
1725439079714
1725439079714
1725439079714
1725439079714
1725439079714
1725442065249
1725442065249
1725442065249
1725442065249
1725442065249
1725442065249
1725442065249
1725442065249
1725442065249
1725442065249
1725442065249
1725442065249
1725442065249
1725442065249
1725442065249
1725447054266
1725447054266
1725447054266
1725447054266
1725447054266
1725447054266
1725447054266
1725447054266
1725447054266
1725447054266
1725447054266
1725617454455
1725617454455
1725617454455
1725617454455
1725617454455
1725617454455
1725617454455
1725617454455
1725617454455
1725617454455
1725617454455
1725617454455
1725617454455
1725617454455
1725617454455
1725617454455
1725617978433
1725617978433
1725617978433
1725617978433
1725617978433
1725617978433
1725617978433
1725617978433
1725720734925
1725720734925
1725720734925
1725720734925
1725720734925
1725720734925
1725720734925
1725960857566
1725960857566
1725960857566
1725960857566
1725960857566
1725960857566
1725960857566
1725960857566
1725960857566
1725960857566
1725962658967
1725962658967
1725962658967
1725962658967
1725962658967
1725962658967
1725962658967
1725962658967
1725962658967
1725962658967
1725962658967
1725962658967
1725962658967
1725962658967
1725962658967
1725962658967
1725962658967
1725962658967
1725970471628
1725970471628
1725970471628
1725970471628
1725970471628
1725970471628
1725970471628
1725971856577
1725971856577
1725971856577
1725971856577
1725971856577
1725971856577
1725971856577
1725971856577
1725977675161
1725977675161
1725977675161
1725977675161
1725977675161
1725977675161
1725977675161
1725977675161
1725977675161
1725977675161
1725977675161
1725977675161
1725977675161
1725977675161
1726049361433
1726049361433
1726049361433
1726049361433
1726049361433
1726049361433
1726049361433
1726049361433
1726049361433
1726049361433
1726049361433
1726049361433
1726049361433
1726049361433
1726657679315
1726657679315
1726657679315
1726657679315
1726657679315
1726657679315
1726657679315
1726657679315
1726657679315
1726657679315
1726657679315
1726657679315
1726820994002
1726820994002
1726820994002
1726820994002
1726820994002
1726820994002
1726820994002
1726820994002
1726820994002
1726820994002
1726820994002
1726820994002
1726820994002
1726820994002
1726820994002
1726846772757
1726846772757
1726846772757
1726920935786
1726920935786
1726920935786
1726920935786
1726920935786
1726920935786
1726920935786
1726920935786
1726920935786
1727178208414
1727178208414
1727178208414
1727178208414
1727178208414
1727178208414
1727178208414
1727178208414
1727178208414
1727178208414
1727178208414
1727178208414
1727180087108
1727180087108
1727180087108
1727180087108
1727180087108
1727180087108
1727180087108
1727180087108
1727180087108
1727180087108
1727180087108
1727180087108
1727180087108
1727180087108
1727180087108
1727262237227
1727262237227
1727262237227
1727262237227
1727262237227
1727262237227
1727262237227
1727262237227
1727262237227
1727262237227
1727263189959
1727263189959
1727263189959
1727263189959
1727263189959
1727263189959
1727263189959
1727263189959
1727263189959
1727263189959
1727263189959
1727263189959
1727263189959
1727263189959
1727263189959
1727263189959
1727263840362
1727263840362
1727263840362
1727263840362
1727263840362
1727263840362
1727263840362
1727263840362
1727263840362
1727263840362
1727263840362
1727278762987
1727278762987
1727278762987
1727278762987
1727278762987
1727278762987
1727278762987
1727278762987
1727278762987
1727278762987
1727278762987
1727278762987
1727278762987
1727278762987
1727278762987
1727278762987
1727278762987
1727426340677
1727426340677
1727426340677
1727426340677
1727426340677
1727426340677
1727426340677
1727426340677
1727426340677
1727426340677
1727426340677
1727426340677
1727426340677
1727426340677
1727426340677
1727426340677
1727517451794
1727517451794
1727517451794
1727517451794
1727517451794
1727517451794
1727517451794
1727769140469
1727769140469
1727769140469
1727769140469
1727769140469
1727769140469
1727769140469
1727769140469
1727769140469
1727769140469
1727769140469
1727774990590
1727774990590
1727774990590
1727774990590
1727774990590
1727774990590
1727774990590
1727774990590
1727774990590
1727774990590
1727774990590
1727774990590
1727774990590
1727774990590
1727774990590
1727784204720
1727784204720
1727784204720
1727784204720
1727784204720
1727784204720
1727784204720
1727784204720
1727784204720
1727784204720
1728045121631
1728045121631
1728045121631
1728045121631
1728045121631
1728045121631
1728045121631
1728045121631
1728045121631
1728045121631
1728045121631
1728045121631
1728045121631
1728045121631
1728045121631
1728127204133
1728127204133
1728127204133
1728127204133
1728127204133
1728127204133
1728127204133
1728127204133
1728127204133
1728399090453
1728399090453
1728399090453
1728399090453
1728399090453
1728399090453
1728399090453
1728399090453
1728399090453
1728399090453
1728399090453
1728399090453
1728399090453
1728399090453
1728399090453
1728399090453
1728400353333
1728400353333
1728400353333
1728400353333
1728400353333
1728400353333
1728400353333
1728400353333
1728400353333
1728400353333
1728402074783
1728402074783
1728402074783
1728402074783
1728402074783
1728402074783
1728402074783
1728402074783
1728402074783
1728464928123
1728464928123
1728464928123
1728464928123
1728464928123
1728464928123
1728464928123
1728464928123
1728464928123
1728464928123
1728464928123
1728464928123
1728469998307
1728469998307
1728469998307
1728469998307
1728469998307
1728469998307
1728469998307
1728469998307
1728469998307
1728477119340
1728477119340
1728477119340
1728477119340
1728477119340
1728477119340
1728477119340
1728477119340
1728477119340
1728477119340
1728640387244
1728640387244
1728640387244
1728640387244
1728640387244
1728640387244
1728640387244
1728640387244
1728640387244
1728640387244
1728640387244
1728640387244
1728640387244
1728640387244
1728640387244
1728640387244
1728640387244
1728736099370
1728736099370
1728736099370
1728736099370
1728736099370
1728736099370
1728736099370
1728736099370
1728736099370
1728972127294
1728972127294
1728972127294
1728972127294
1728972127294
1728972127294
1728972127294
1728972127294
1728972127294
1728972127294
1728972127294
1728972127294
1728981083994
1728981083994
1728981083994
1728981083994
1728981083994
1728981083994
1728981083994
1728981083994
1728981083994
1728981083994
1728981083994
1728981083994
1729000991432
1729000991432
1729000991432
1729000991432
1729000991432
1729000991432
1729000991432
1729000991432
1729000991432
1729000991432
1729000991432
1729000991432
1729002123377
1729002123377
1729002123377
1729002123377
1729002123377
1729002123377
1729002123377
1729002123377
1729002123377
1729002123377
1729002123377
1729002123377
1729002123377
1729005314989
1729005314989
1729005314989
1729005314989
1729005314989
1729005314989
1729005314989
1729005314989
1729005314989
1729005314989
1729005314989
1729005314989
1729005314989
1729005314989
1729245498182
1729245498182
1729245498182
1729245498182
1729245498182
1729245498182
1729245498182
1729245498182
1729245498182
1729245498182
1729245498182
1729245498182
1729331405754
1729331405754
1729331405754
1729331405754
1729331405754
1729847171727
1729847171727
1729847171727
1729847171727
1729847171727
1729847171727
1729847171727
1729847171727
1729847171727
1729847171727
1729847171727
1729847171727
1729847171727
1729847171727
1729847171727
1729847171727
1729847171727
1729847171727
1729938334824
1729938334824
1729938334824
1729938334824
1729938334824
1729938334824
1729938334824
1729938334824
1729938334824
1729938334824
1729938334824
1730799794118
1730799794118
1730799794118
1730799794118
1730799794118
1730799794118
1730799794118
1730799794118
1730799794118
1730799794118
1730799794118
1730799794118
1730806159477
1730806159477
1730806159477
1730806159477
1730806159477
1730806159477
1730806159477
1730806159477
1730806159477
1730806159477
1730806159477
1730806159477
1730806159477
1730806159477
1730816463652
1730816463652
1730816463652
1730816463652
1730816463652
1730816463652
1730817713559
1730817713559
1730817713559
1730817713559
1730817713559
1730817713559
1730817713559
1730817713559
1730817713559
1730817713559
1730817713559
1730817713559
1730817713559
1730817713559
1731430568338
1731430568338
1731430568338
1731430568338
1731430568338
1731430568338
1731430568338
1731430568338
1731430568338
1731430568338
1731430568338
1731430568338
1731430568338
1731430568338
1731488594272
1731488594272
1731488594272
1731488594272
1731488594272
1731488594272
1731488594272
1731488594272
1731488594272
1731488594272
1731488594272
1731488594272
1731488594272
1731488594272
1731488594272
1731488594272
1731488594272
1731488594272
1731679453332
1731679453332
1731679453332
1731679453332
1731679453332
1731679453332
1731679453332
1731679453332
1731679453332
1731679453332
1731679453332
1731679453332
1731679453332
1731679453332
1731679453332
1731679453332
1736805705372
1736805705372
1736805705372
1736805705372
1736805705372
1736805705372
1736805705372
1736805705372
1736805705372
1736846011621
1736846011621
1736846011621
1736846011621
1736846011621
1736846011621
1736846011621
1736846011621
1736846011621
1736846011621
1736846011621
1736846011621
1736846011621
1736846011621
1736846011621
1736846011621
1736846011621
1736846011621
1736846011621
1736846011621
1736847080210
1736847080210
1736847080210
1736847080210
1736847080210
1736847080210
1736847080210
1736847080210
1736847080210
1736847080210
1736847080210
1736847080210
1736847080210
1736847080210
1736847080210
1736847080210
1736880687381
1736880687381
1736880687381
1736880687381
1736880687381
1736880687381
1736880687381
1736880687381
1736881111623
1736881111623
1736881111623
1736881111623
1736881111623
1736881111623
1736881111623
1736881512970
1736881512970
1736881512970
1736881512970
1736881512970
1736881512970
1736881512970
1736881512970
1736881512970
1736881512970
1737107345174
1737107345174
1737107345174
1737107345174
1737107345174
1737107345174
1737107345174
1737107345174
1737107345174
1737107345174
1737112085080
1737112085080
1737112085080
1737112085080
1737112085080
1737112085080
1737112085080
1737112085080
1737112085080
1737112085080
1737112085080
1737112085080
1737112085080
1737112085080
1737112085080
1737112085080
1737112085080
1737191148231
1737191148231
1737191148231
1737191148231
1737191148231
1737201083965
1737201083965
1737201083965
1737201083965
1737201083965
1737710236658
1737710236658
1737710236658
1737710236658
1737710645831
1737710645831
1737710645831
1737722204386
1737722204386
1737722204386
1737722204386
1737722204386
1737722204386
1737722204386
1737722204386
1737722204386
1737722204386
1737722204386
1737722204386
1738318203613
1738318203613
1738318203613
1738318203613
1738318203613
1738660207952
1738660207952
1738660207952
1738660207952
1738660207952
1738757818672
1738757818672
1738757818672
1738757818672
1738757818672
1738757818672
1738757818672
1738757818672
1738757818672
1738921020241
1738921020241
1738921020241
1738921020241
1738921020241
1738921020241
1738921020241
1738921020241
1738921020241
1738921020241
1738925726218
1738925726218
1738925726218
1738925726218
1738925726218
1738925726218
1738925726218
1738925726218
1738925726218
1738925726218
1738935920855
1738935920855
1738935920855
1738935920855
1738935920855
1738935920855
1738935920855
1738935920855
1738935920855
1738935920855
1738935920855
1738935920855
1738935920855
1738935920855
1738940973478
1738940973478
1738940973478
1738940973478
1738940973478
1738940973478
1738940973478
1738940973478
1738940973478
1738940973478
1738940973478
1738940973478
1738940973478
1738940973478
1738940973478
1739005111852
1739005111852
1739005111852
1739005111852
1739005111852
1739005111852
1739005111852
1739005111852
1739005111852
1739018352304
1739018352304
1739018352304
1739018352304
1739018352304
1739018352304
1739018352304
1739018352304
1739018352304
1739018352304
1739018352304
1739018352304
1739266710824
1739266710824
1739266710824
1739266710824
1739266710824
1739266710824
1739266710824
1739267319889
1739267319889
1739267319889
1739267319889
1739267319889
1739267319889
1739267319889
1739267319889
1739267319889
1739267319889
1739267319889
1739268048103
1739268048103
1739268048103
1739268048103
1739268048103
1739268497159
1739268497159
1739268497159
1739268497159
1739268497159
1739268497159
1739268497159
1739268497159
1739268497159
1739268497159
1739268497159
1739268497159
1739268497159
1739275447671
1739275447671
1739275447671
1739275447671
1739275447671
1739275447671
1739275447671
1739275447671
1739275447671
1739275447671
1739275447671
1739275447671
1739275447671
1739275447671
1739275447671
1739275447671
1739275447671
1739358600305
1739358600305
1739358600305
1739358600305
1739358600305
1739358600305
1739358600305
1739523464687
1739523464687
1739523464687
1739523464687
1739523464687
1739523464687
1739523464687
1739523464687
1739523464687
1739523464687
1739523464687
1739523464687
1739523464687
1739523464687
1739523464687
1739523464687
1740128993193
1740128993193
1740128993193
1740128993193
1740128993193
1740128993193
1740128993193
1740128993193
1740128993193
1740128993193
1740128993193
1740129323351
1740478613512
1740478613512
1740478613512
1740478613512
1740478613512
1740478613512
1740478613512
1740478613512
1740478613512
1740478613512
1740478613512
1740478613512
1740478613512
1740478613512
1740478613512
1740479870673
1740479870673
1740479870673
1740479870673
1740479870673
1740479870673
1740479870673
1740479870673
1740479870673
1740479870673
1740479870673
1740479870673
1740479870673
1740479870673
1740479870673
1740479870673
1740479870673
1740479870673
1740479870673
1740494324757
1740494324757
1740494324757
1740494324757
1740494324757
1740494324757
1740494324757
1740494324757
1740494324757
1740494546498
1740494546498
1740494546498
1740494546498
1740494546498
1740494546498
1740494546498
1740494546498
1740494546498
1740494546498
1740494546498
1740494546498
1740494546498
1740494546498
1740494546498
1740494546498
1740495109030
1740495109030
1740495109030
1740495109030
1740495109030
1740495109030
1740495109030
1740495109030
1740495109030
1740495109030
1740495471620
1740495471620
1740495471620
1740495471620
1740495471620
1740495471620
1740495471620
1740495471620
1740495471620
1740495471620
1740495471620
1740495471620
1740495471620
1740495471620
1740495471620
1740495471620
1740495471620
1740495944992
1740495944992
1740495944992
1740495944992
1740495944992
1740495944992
1740495944992
1740495944992
1740495944992
1740495944992
1740495944992
1740495944992
1740495944992
1740495944992
1740495944992
1740495944992
1740495944992
1740495944992
1740495944992
1740495944992
1740495944992
1740495944992
1740495944992
1740495944992
1740496770352
1740496770352
1740496770352
1740496770352
1740496770352
1740496770352
1740496770352
1740496770352
1740496770352
1740496770352
1740496770352
1740496770352
1740496770352
1740496770352
1740496770352
1740496770352
1740559697723
1740559697723
1740559697723
1740559697723
1740559697723
1740559697723
1740559697723
1740559697723
1740559697723
1740559697723
1740562080228
1740562080228
1740562080228
1740562080228
1740562080228
1740562080228
1740562080228
1740562080228
1740562080228
1740575122337
1740575122337
1740575122337
1740575122337
1740575122337
1740575122337
1741172491507
1741172491507
1741172491507
1741172491507
1741172491507
1741172491507
1741172491507
1741172491507
1741172491507
1741172491507
1741172491507
1741172491507
1741172491507
1741172491507
1741172491507
1741173318234
1741173318234
1741173318234
1741173318234
1741173318234
1741173318234
1741173318234
1741173318234
1741173318234
1741173318234
1741173318234
1741173318234
1741173318234
1741173318234
1741173318234
1741173318234
1741343013904
1741343013904
1741343013904
1741343013904
1741343013904
1741343013904
1741343013904
1741343013904
1741343013904
1741343013904
1741343013904
1741343013904
1741343013904
1741343013904
1741343013904
1741343013904
1741343013904
1741343013904
1741343013904
1741343013904
1741343013904
1741343013904
1741351605832
1741351605832
1741351605832
1741351605832
1741351605832
1741351605832
1741351605832
1741351605832
1741351605832
1741351605832
1741351605832
1741351605832
1741351605832
1741351605832
1741351605832
1741351605832
1741351605832
1741351605832
1741684752017
1741684752017
1741684752017
1741684752017
1741684752017
1741684752017
1741684752017
1741684752017
1741684752017
1741684752017
1741684752017
1741684752017
1741684752017
1741684752017
1741684752017
1741684752017
1741687161244
1741687161244
1741687161244
1741687161244
1741687161244
1741687161244
1741687161244
1741687161244
1741687161244
1741689705512
1741689705512
1741689705512
1741689705512
1741689705512
1741689705512
1741689705512
1741689705512
1741689705512
1741689705512
1741689705512
1741689705512
1741689705512
1741689705512
1742282556054
1742282556054
1742282556054
1742282556054
1742282556054
1742282556054
1742282556054
1742282556054
1742286593234
1742286593234
1742286593234
1742286593234
1742286593234
1742286593234
1742286593234
1742286593234
1742286593234
1742286593234
1742286593234
1742286593234
1742286593234
1742286593234
1742286593234
1742286593234
1742286593234
1742286593234
1742286593234
1742287415120
1742287415120
1742287415120
1742287415120
1742287415120
1742287415120
1742287415120
1742287415120
1742287415120
1742287415120
1742287415120
1742287415120
1742288186488
1742288186488
1742288186488
1742288186488
1742288186488
1742288186488
1742288186488
1742288186488
1742288186488
1742288186488
1742288186488
1742288186488
1742288464743
1742288464743
1742288464743
1742288464743
1742288464743
1742293423406
1742293423406
1742293423406
1742293423406
1742293423406
1742293423406
1742293423406
1742293423406
1742293423406
1742293423406
1742293423406
1742293423406
1742293423406
1742293423406
1742293423406
1742293423406
1742297464178
1742297464178
1742376242839
1742376242839
1742376242839
1742376242839
1742376242839
1742376242839
1742376242839
1742376242839
1742376242839
1742376242839
1742376242839
1742376242839
1742376242839
1742556985483
1742556985483
1742556985483
1742556985483
1742556985483
1742556985483
1742556985483
1742556985483
1742556985483
1742556985483
1742556985483
1742556985483
1742556985483
1742556985483
1742556985483
1742568327115
1742568327115
1742568327115
1742568327115
1742568327115
1742568327115
1742568327115
1742568327115
1742568327115
1742568327115
1742568327115
1742568327115
1742568327115
1742568327115
1742888648031
1742888648031
1742888648031
1742888648031
1742888648031
1742888648031
1742888648031
1742888648031
1742888648031
1742888648031
1742888648031
1742892443536
1742892443536
1742892443536
1742892443536
1742892443536
1742892443536
1742892443536
1742892443536
1742892443536
1742892443536
1742892443536
1742892443536
1742892443536
1742892443536
1742892443536
1742892443536
1742892653300
1742892653300
1742892653300
1742892653300
1742892653300
1742892653300
1742892653300
1742892653300
1742892653300
1742892653300
1742892653300
1742892653300
1742892762207
1742892762207
1742893346841
1742893346841
1742893346841
1742893346841
1742893346841
1742893346841
1742893346841
1742893346841
1742893346841
1742893346841
1742893346841
1742893346841
1742893346841
1742893346841
1742893346841
1742900070476
1742900070476
1742900070476
1742900070476
1742900070476
1742900070476
1742900070476
1742900070476
1742900070476
1742900070476
1742900070476
1742900070476
1742900070476
1742900070476
1742900070476
1742900070476
1742900070476
1742901376443
1742901376443
1742901376443
1742901376443
1742901376443
1742901376443
1742981379230
1742981379230
1742981379230
1742981379230
1742981379230
1742981379230
1742981379230
1742981379230
1742981379230
1742981379230
1742981379230
1742981379230
1742981379230