2.0,1.0,0.5,0.4,0.5,1.0,1.0,12.0,1.0,1.0,1.0,1.0,0.1,1.0,0,0,0,0,0,0,0,0,0,0,0,0,0,0,0,0,0,0,0,0,0,0,0,0,0,0,0,0,0,0,0,0,0,0,0,0,0,0,0,0,0,0,0,0,0,0
1.0,0,0,0,0.5,1.0,1.0,0,1.0,1.0,0,0,0,0,0,0,0,0,0,0,0,0,0,0,0,0,0,0,0,0,0,0,0,0,0,0,0,0,0,0,0,0,0,0,0,0,0,0,0,0,0,0,0,0,0,0,0,0,0,0
1.0,0,1.0,0,0,1.0,2.0,12.0,1.0,1.0,2.0,1.0,0,0,0,0,0,0,0,0,0,0,0,0,0,0,0,1.0,0,0,0,0,0,1.2,0,0,0,3.0,0,0,0,0,0,0,0,0,0,0,0,0,0,0,0,0,0,0,0,0,0,0
0,0,0,0,0,0,0,0,0,0,0.65,0,0,0,0,0,0,0,0,0,0,0,0,0.65,0,0,0,0,0,0,0,0,0,0,0,0,0,0,0,0,0,0,0,0,0,0,0,0,0,0,0,0,0,0,0,0,0,0,0,0
2.0,0,0,0.5,0,0,1.0,6.0,1.0,1.0,1.0,0,0,0.6,0.3,0,0,0,0.2,0,0,0,0,0,0,0,0.2,0,0,0,0,0,0,0,0,0,0,0,0,0,0,0,0,0,0,0,0,0,0,0,0,0,0,0,0,0,0,0,0,0
2.0,0,0,0.5,0,0.5,1.0,10.0,1.0,0,1.0,0,0,0,0,0,0,0,1.0,0,0,0,0,0,0,0,0,1.0,0.3,0,0,0,0,1.0,0,0,0,0,0,0,0,0,0,0,0,0,0,0,0,0,0,0,0,0,0,0,0,0,0,0
2.0,0,0.5,1.0,0,0.5,1.0,6.0,0,1.0,0.5,1.0,0,0,0,1.0,0,0,0,0,0,0,0,0,0,1.0,0,1.0,0,0,1.0,0,0,0,0,0,0,0,0,0,0,0,0,0,0,0,0,0,0,0,0,0,0,0,0,0,0,0,0,0
0.5,0,0,0,0,0.5,0.5,0,1.0,1.0,0.5,0,0,0,0,0,0,0,0,0,0,0,0,0,0,0,0,0,0,0,0,0,0,0,0.45,0,0,0,0,0,0,0,0,0,0,0,0,0,0,0,0,0,0,0,0,0,0,0,0,0
1.0,1.0,1.0,0,0,1.0,1.0,6.0,1.0,1.0,1.0,0,0,1.0,0,0,0,0,0,0,0,0,0,0,0,0,0,0,0,0,0,0,0,0.5,0,1.0,0,0,0,0,0,0,0,0,0,0,0,0,0,0,0,0,0,0,0,0,0,0,0,0
2.0,0,0,0,0,1.0,1.0,10.0,0,1.0,0,0,0,0,0,1.0,0,0,0,0,0,0,0,0,0,1.0,0,1.0,0,0,0,1.0,0,0.5,0,1.0,0,0,0,0,0,0,0,0,0,0,0,0,0,0,0,0,0,0,0,0,0,0,0,0
2.0,0,0,0,0.3,1.0,1.0,6.0,0,0,0.5,1.0,0,1.0,0,0,0,0,0,0,0.5,0,0,0,0,1.0,0,1.0,0,0,1.0,0,0,1.0,0,1.0,0,0,0,0,0,0,0,0,0,0,0,0,0,0,0,0,0,0,0,0,0,0,0,0
0,1.0,0,0,0,0,1.0,6.0,0,1.0,0,0,0,1.0,0,0.6,0,0,0,0,0,0,0,0,0,1.0,1.0,0,0,0,1.0,0,0,0,0,1.0,0,0,0,0,0,0,0,0,0,0,0.5,1.0,1.0,0,0,0,1.0,0.4,1.0,2.0,0,0.5,0,0
0,1.0,0,0,0,0,1.0,10.0,1.0,1.0,0,0,0,0,0,0,0,0,0,0,0,0,0,0,0,0,0,0,0,0,0,0,0,0,0,0,0,0,0,0,0,0,0,0,0,0,1.0,0,0,0.5,0,0,0.5,0.5,0,1.0,0,0,0,0
0,0,0,0,0.4,0,1.0,10.0,1.0,1.0,0,0,0,0,0,0.5,0,0,0,0,0.6,0,0,0,0,0,0,0,0,0,0,0,0,0.5,0,0,0,0,0,0,0,0,0,0,0,0,0.5,0,1.0,0,0.25,0,0.5,0,0,2.0,0,0,0,0